Analog in 2	Analog in 1
U2/V	U1/V

0,21	0,01
0,32	0,01
0,41	0,01
0,50	0,01
0,61	0,01
0,68	0,01
0,79	0,01
0,88	0,00
0,97	0,01
1,08	0,01
1,15	0,00
1,24	0,00
1,33	0,01
1,44	0,01
1,52	0,01
1,62	0,01
1,70	0,01
1,79	0,01
1,88	0,01
1,97	0,01
2,06	0,01
2,14	0,01
2,21	0,01
2,31	0,01
2,40	0,01
2,47	0,01
2,56	0,01
2,65	0,01
2,73	0,01
2,82	0,02
2,91	0,01
2,97	0,01
3,06	0,02
3,14	0,02
3,22	0,02
3,31	0,02
3,37	0,02
3,46	0,02
3,55	0,02
3,61	0,02
3,69	0,03
3,78	0,02
3,85	0,03
3,91	0,03
4,00	0,03
4,08	0,03
4,16	0,03
4,22	0,04
4,31	0,04
4,38	0,03
4,44	0,04
4,52	0,04
4,60	0,05
4,66	0,05
4,75	0,05
4,81	0,05
4,88	0,05
4,94	0,05
5,02	0,05
5,10	0,05
5,16	0,05
5,23	0,05
5,29	0,05
5,37	0,05
5,44	0,06
5,51	0,05
5,57	0,06
5,64	0,05
5,70	0,06
5,78	0,06
5,84	0,06
5,90	0,06
5,96	0,05
6,04	0,06
6,10	0,06
6,17	0,07
6,23	0,07
6,28	0,07
6,35	0,08
6,43	0,09
6,48	0,09
6,55	0,09
6,60	0,10
6,61	0,11
6,75	0,11
6,70	0,12
6,85	0,12
6,92	0,13
6,96	0,13
7,04	0,14
7,08	0,14
7,16	0,14
7,20	0,14
7,26	0,15
7,32	0,15
7,37	0,15
7,43	0,15
7,51	0,15
7,55	0,15
7,61	0,15
7,66	0,15
7,72	0,15
7,78	0,15
7,83	0,15
7,89	0,15
7,93	0,15
8,01	0,15
8,05	0,15
8,11	0,15
8,16	0,15
8,20	0,15
8,27	0,15
8,31	0,15
8,37	0,15
8,42	0,15
8,48	0,15
8,52	0,15
8,57	0,15
8,63	0,16
8,67	0,16
8,72	0,16
8,78	0,17
8,83	0,17
8,87	0,18
8,92	0,19
8,98	0,19
9,02	0,20
9,08	0,21
9,11	0,22
9,18	0,23
9,22	0,24
9,27	0,25
9,31	0,26
9,36	0,27
9,40	0,28
9,46	0,29
9,51	0,30
9,54	0,31
9,58	0,31
9,63	0,32
9,68	0,33
9,72	0,33
9,77	0,33
9,83	0,34
9,86	0,34
9,90	0,34
9,95	0,34
9,99	0,34
10,02	0,35
10,07	0,35
10,12	0,35
10,16	0,34
10,21	0,35
10,25	0,34
10,28	0,34
10,33	0,34
10,37	0,34
10,42	0,34
10,46	0,34
10,49	0,34
10,56	0,34
10,59	0,33
10,63	0,33
10,66	0,33
10,71	0,33
10,74	0,33
10,78	0,33
10,81	0,32
10,86	0,32
10,90	0,32
10,93	0,33
10,98	0,32
11,03	0,32
11,06	0,32
11,09	0,32
11,13	0,32
11,18	0,32
11,21	0,33
11,24	0,33
11,28	0,33
11,33	0,34
11,36	0,34
11,39	0,35
11,43	0,36
11,47	0,37
11,51	0,37
11,54	0,39
11,57	0,40
11,60	0,40
11,65	0,42
11,68	0,43
11,71	0,45
11,75	0,45
11,78	0,47
11,81	0,49
11,84	0,51
11,89	0,52
11,92	0,53
11,95	0,55
12,00	0,56
12,01	0,58
12,06	0,59
12,09	0,60
12,12	0,61
12,15	0,62
12,19	0,63
12,22	0,64
12,25	0,65
12,28	0,65
12,31	0,66
12,34	0,67
12,38	0,67
12,41	0,68
12,45	0,68
12,48	0,68
12,51	0,69
12,54	0,69
12,56	0,69
12,60	0,69
12,63	0,69
12,66	0,69
12,69	0,69
12,72	0,69
12,75	0,69
12,77	0,69
12,81	0,69
12,85	0,69
12,86	0,68
12,89	0,68
12,92	0,68
12,95	0,67
12,98	0,67
13,01	0,67
13,04	0,66
13,06	0,66
13,10	0,65
13,12	0,65
13,15	0,64
13,18	0,64
13,21	0,63
13,24	0,63
13,27	0,63
13,28	0,63
13,32	0,62
13,35	0,62
13,38	0,61
13,41	0,61
13,44	0,61
13,45	0,60
13,48	0,60
13,51	0,60
13,53	0,60
13,56	0,60
13,59	0,59
13,60	0,59
13,63	0,59
13,65	0,59
13,68	0,59
13,71	0,59
13,72	0,59
13,76	0,59
13,77	0,60
13,80	0,60
13,83	0,60
13,86	0,61
13,88	0,61
13,91	0,62
13,94	0,62
13,95	0,63
13,98	0,63
14,00	0,64
14,01	0,64
14,04	0,66
14,07	0,66
14,09	0,67
14,12	0,68
14,13	0,70
14,16	0,71
14,19	0,72
14,21	0,73
14,23	0,74
14,26	0,76
14,27	0,78
14,30	0,79
14,33	0,81
14,35	0,83
14,36	0,84
14,39	0,86
14,42	0,88
14,44	0,89
14,45	0,91
14,47	0,93
14,50	0,94
14,51	0,96
14,54	0,98
14,56	0,99
14,59	1,01
14,60	1,02
14,62	1,04
14,65	1,05
14,67	1,07
14,70	1,08
14,70	1,09
14,73	1,11
14,74	1,12
14,77	1,13
14,79	1,14
14,80	1,15
14,82	1,16
14,85	1,17
14,88	1,18
14,88	1,19
14,91	1,20
14,92	1,21
14,95	1,21
14,97	1,22
14,98	1,23
15,00	1,23
15,01	1,24
15,04	1,24
15,06	1,24
15,09	1,25
15,10	1,25
15,12	1,25
15,12	1,25
15,15	1,25
15,18	1,26
15,18	1,26
15,21	1,26
15,23	1,26
15,24	1,26
15,26	1,26
15,27	1,26
15,30	1,26
15,32	1,26
15,33	1,26
15,35	1,25
15,38	1,25
15,38	1,25
15,41	1,25
15,42	1,25
15,44	1,24
15,45	1,24
15,47	1,24
15,50	1,23
15,51	1,23
15,51	1,22
15,53	1,22
15,54	1,21
15,57	1,20
15,59	1,20
15,59	1,19
15,62	1,18
15,65	1,18
15,65	1,17
15,67	1,16
15,68	1,15
15,70	1,15
15,71	1,14
15,73	1,13
15,74	1,12
15,77	1,12
15,77	1,11
15,79	1,10
15,80	1,10
15,82	1,09
15,83	1,08
15,85	1,08
15,86	1,07
15,89	1,07
15,89	1,06
15,92	1,06
15,92	1,05
15,94	1,05
15,95	1,04
15,97	1,04
15,98	1,03
16,00	1,03
16,01	1,02
16,03	1,02
16,05	1,02
16,06	1,01
16,08	1,01
16,09	1,01
16,11	1,01
16,11	1,00
16,14	1,00
16,14	1,00
16,15	1,00
16,17	1,00
16,18	1,00
16,20	1,00
16,21	1,00
16,21	1,00
16,24	1,00
16,26	1,00
16,26	1,00
16,27	1,00
16,29	1,00
16,30	1,00
16,32	1,00
16,33	1,00
16,35	1,00
16,35	1,01
16,38	1,00
16,38	1,00
16,39	1,01
16,41	1,01
16,42	1,02
16,42	1,02
16,45	1,02
16,45	1,02
16,47	1,03
16,48	1,03
16,50	1,04
16,50	1,04
16,52	1,05
16,53	1,05
16,55	1,06
16,55	1,06
16,56	1,07
16,58	1,08
16,58	1,08
16,59	1,09
16,62	1,10
16,62	1,10
16,64	1,11
16,64	1,12
16,65	1,13
16,67	1,14
16,67	1,14
16,68	1,16
16,71	1,16
16,71	1,17
16,73	1,18
16,73	1,19
16,74	1,20
16,76	1,21
16,76	1,22
16,77	1,23
16,79	1,24
16,79	1,25
16,80	1,26
16,82	1,27
16,82	1,28
16,83	1,29
16,85	1,30
16,86	1,31
16,86	1,32
16,88	1,34
16,88	1,35
16,89	1,36
16,91	1,37
16,92	1,38
16,92	1,40
16,94	1,41
16,96	1,42
16,96	1,43
16,97	1,45
16,97	1,46
16,99	1,47
17,00	1,48
