Time	Analog in 1	Analog in 2
t/ms	U1/V	U2/V

0	0,00	0,21
100	0,00	0,30
200	0,00	0,41
300	0,00	0,52
400	0,00	0,61
500	0,00	0,70
600	0,00	0,79
700	0,00	0,89
800	0,00	0,99
900	0,00	1,08
1000	0,00	1,17
1100	0,00	1,26
1200	0,00	1,35
1300	0,00	1,44
1400	0,00	1,53
1500	0,00	1,64
1600	0,00	1,71
1700	0,00	1,80
1800	0,00	1,90
1900	0,00	1,99
2000	0,00	2,08
2100	0,00	2,17
2200	0,00	2,24
2300	0,00	2,34
2400	0,00	2,43
2500	0,01	2,50
2600	0,00	2,59
2700	0,01	2,68
2800	0,01	2,76
2900	0,01	2,84
3000	0,01	2,93
3100	0,01	3,00
3200	0,01	3,09
3300	0,01	3,18
3400	0,01	3,26
3500	0,01	3,34
3600	0,02	3,43
3700	0,02	3,50
3800	0,02	3,58
3900	0,02	3,65
4000	0,02	3,75
4100	0,02	3,81
4200	0,02	3,90
4300	0,02	3,97
4400	0,03	4,05
4500	0,03	4,13
4600	0,03	4,22
4700	0,03	4,28
4800	0,04	4,35
4900	0,04	4,43
5000	0,04	4,49
5100	0,04	4,58
5200	0,05	4,66
5300	0,05	4,72
5400	0,05	4,79
5500	0,05	4,87
5600	0,06	4,93
5700	0,06	5,02
5800	0,05	5,10
5900	0,06	5,16
6000	0,07	5,23
6100	0,07	5,29
6200	0,07	5,37
6300	0,07	5,43
6400	0,07	5,51
6500	0,08	5,57
6600	0,08	5,64
6700	0,08	5,72
6800	0,08	5,78
6900	0,09	5,84
7000	0,09	5,90
7100	0,09	5,98
7200	0,09	6,04
7300	0,10	6,11
7400	0,10	6,17
7500	0,11	6,23
7600	0,11	6,31
7700	0,11	6,37
7800	0,11	6,43
7900	0,12	6,51
8000	0,12	6,57
8100	0,13	6,61
8200	0,13	6,69
8300	0,14	6,75
8400	0,14	6,81
8500	0,15	6,87
8600	0,15	6,95
8700	0,16	6,99
8800	0,16	7,05
8900	0,17	7,11
9000	0,17	7,17
9100	0,18	7,23
9200	0,18	7,29
9300	0,19	7,36
9400	0,19	7,42
9500	0,20	7,46
9600	0,20	7,52
9700	0,20	7,58
9800	0,21	7,64
9900	0,21	7,70
10000	0,22	7,76
10100	0,22	7,81
10200	0,23	7,89
10300	0,23	7,93
10400	0,23	7,98
10500	0,23	8,04
10600	0,23	8,10
10700	0,24	8,14
10800	0,24	8,20
10900	0,25	8,25
11000	0,25	8,31
11100	0,25	8,37
11200	0,26	8,42
11300	0,26	8,48
11400	0,27	8,52
11500	0,27	8,58
11600	0,27	8,63
11700	0,28	8,67
11800	0,28	8,74
11900	0,28	8,78
12000	0,29	8,83
12100	0,30	8,89
12200	0,30	8,93
12300	0,30	8,98
12400	0,31	9,04
12500	0,32	9,08
12600	0,32	9,13
12700	0,33	9,18
12800	0,34	9,24
12900	0,34	9,28
13000	0,35	9,34
13100	0,36	9,39
13200	0,37	9,43
13300	0,38	9,46
13400	0,38	9,52
13500	0,39	9,57
13600	0,40	9,61
13700	0,41	9,66
13800	0,42	9,72
13900	0,43	9,75
14000	0,44	9,80
14100	0,45	9,84
14200	0,45	9,89
14300	0,46	9,93
14400	0,47	9,98
14500	0,47	10,02
14600	0,48	10,07
14700	0,49	10,12
14800	0,49	10,16
14900	0,50	10,21
15000	0,50	10,25
15100	0,51	10,31
15200	0,51	10,34
15300	0,51	10,37
15400	0,52	10,42
15500	0,52	10,46
15600	0,52	10,51
15700	0,53	10,54
15800	0,53	10,59
15900	0,53	10,63
16000	0,54	10,66
16100	0,55	10,71
16200	0,55	10,75
16300	0,55	10,80
16400	0,55	10,84
16500	0,56	10,87
16600	0,56	10,92
16700	0,57	10,95
16800	0,57	10,99
16900	0,58	11,03
17000	0,58	11,07
17100	0,59	11,12
17200	0,59	11,16
17300	0,60	11,19
17400	0,60	11,24
17500	0,61	11,27
17600	0,61	11,30
17700	0,62	11,34
17800	0,62	11,39
17900	0,63	11,42
18000	0,64	11,47
18100	0,64	11,50
18200	0,65	11,53
18300	0,66	11,57
18400	0,67	11,60
18500	0,67	11,63
18600	0,68	11,68
18700	0,69	11,71
18800	0,70	11,75
18900	0,71	11,77
19000	0,71	11,81
19100	0,72	11,84
19200	0,73	11,89
19300	0,74	11,92
19400	0,75	11,97
19500	0,76	12,01
19600	0,77	12,03
19700	0,79	12,07
19800	0,80	12,10
19900	0,81	12,13
20000	0,82	12,18
20100	0,83	12,19
20200	0,84	12,22
20300	0,86	12,28
20400	0,87	12,30
20500	0,88	12,34
20600	0,89	12,36
20700	0,90	12,41
20800	0,91	12,44
20900	0,92	12,47
21000	0,93	12,51
21100	0,94	12,53
21200	0,95	12,57
21300	0,96	12,60
21400	0,97	12,63
21500	0,97	12,66
21600	0,98	12,68
21700	0,99	12,72
21800	1,00	12,75
21900	1,01	12,78
22000	1,01	12,80
22100	1,02	12,83
22200	1,03	12,88
22300	1,03	12,91
22400	1,03	12,94
22500	1,04	12,97
22600	1,04	13,00
22700	1,05	13,03
22800	1,06	13,06
22900	1,07	13,09
23000	1,07	13,12
23100	1,07	13,13
23200	1,08	13,16
23300	1,08	13,19
23400	1,08	13,22
23500	1,09	13,25
23600	1,09	13,28
23700	1,09	13,30
23800	1,09	13,35
23900	1,10	13,36
24000	1,10	13,41
24100	1,10	13,42
24200	1,10	13,45
24300	1,11	13,48
24400	1,11	13,50
24500	1,12	13,53
24600	1,12	13,56
24700	1,12	13,59
24800	1,13	13,60
24900	1,13	13,63
25000	1,13	13,66
25100	1,14	13,68
25200	1,14	13,72
25300	1,15	13,74
25400	1,15	13,77
25500	1,16	13,79
25600	1,16	13,82
25700	1,17	13,83
25800	1,17	13,88
25900	1,18	13,89
26000	1,19	13,92
26100	1,19	13,95
26200	1,19	13,97
26300	1,20	14,00
26400	1,21	14,03
26500	1,22	14,04
26600	1,22	14,07
26700	1,23	14,09
26800	1,23	14,12
26900	1,23	14,13
27000	1,24	14,16
27100	1,24	14,19
27200	1,24	14,21
27300	1,25	14,24
27400	1,25	14,26
27500	1,25	14,29
27600	1,25	14,30
27700	1,25	14,33
27800	1,26	14,36
27900	1,26	14,38
28000	1,26	14,41
28100	1,27	14,42
28200	1,27	14,45
28300	1,27	14,48
28400	1,28	14,50
28500	1,29	14,51
28600	1,30	14,54
28700	1,31	14,56
28800	1,32	14,59
28900	1,33	14,60
29000	1,34	14,62
29100	1,35	14,63
29200	1,36	14,67
29300	1,38	14,68
29400	1,39	14,71
29500	1,40	14,73
29600	1,42	14,76
29700	1,43	14,79
29800	1,45	14,80
29900	1,46	14,82
30000	1,47	14,83
30100	1,49	14,85
30200	1,51	14,88
30300	1,52	14,89
30400	1,53	14,92
30500	1,55	14,94
30600	1,56	14,95
30700	1,57	14,98
30800	1,58	15,00
30900	1,59	15,03
31000	1,60	15,04
31100	1,62	15,06
31200	1,63	15,09
31300	1,64	15,09
31400	1,65	15,12
31500	1,66	15,14
31600	1,67	15,15
31700	1,68	15,18
31800	1,69	15,20
31900	1,70	15,23
32000	1,71	15,24
32100	1,72	15,26
32200	1,73	15,27
32300	1,74	15,30
32400	1,74	15,32
32500	1,75	15,33
32600	1,76	15,36
32700	1,77	15,38
32800	1,78	15,39
32900	1,79	15,41
33000	1,79	15,42
33100	1,80	15,44
33200	1,81	15,47
33300	1,81	15,48
33400	1,82	15,50
33500	1,82	15,51
33600	1,83	15,53
33700	1,84	15,56
33800	1,84	15,57
33900	1,85	15,57
34000	1,85	15,59
34100	1,86	15,62
34200	1,86	15,64
34300	1,87	15,65
34400	1,87	15,67
34500	1,88	15,68
34600	1,88	15,71
34700	1,88	15,71
34800	1,88	15,73
34900	1,89	15,76
35000	1,89	15,77
35100	1,89	15,79
35200	1,89	15,80
35300	1,90	15,82
35400	1,90	15,85
35500	1,90	15,85
35600	1,90	15,88
35700	1,91	15,89
35800	1,91	15,89
35900	1,91	15,91
36000	1,91	15,92
36100	1,91	15,94
36200	1,91	15,95
36300	1,91	15,98
36400	1,92	15,98
36500	1,91	16,00
36600	1,92	16,03
36700	1,92	16,03
36800	1,92	16,05
36900	1,93	16,06
37000	1,92	16,09
37100	1,92	16,11
37200	1,92	16,11
37300	1,92	16,14
37400	1,93	16,15
37500	1,93	16,15
37600	1,93	16,17
37700	1,93	16,20
37800	1,93	16,21
37900	1,94	16,21
38000	1,94	16,23
38100	1,94	16,24
38200	1,94	16,26
38300	1,94	16,27
38400	1,94	16,29
38500	1,95	16,30
38600	1,95	16,32
38700	1,95	16,32
38800	1,95	16,35
38900	1,96	16,35
39000	1,96	16,38
39100	1,96	16,38
39200	1,96	16,41
39300	1,97	16,41
39400	1,97	16,42
39500	1,97	16,44
39600	1,98	16,45
39700	1,98	16,47
39800	1,98	16,48
39900	1,99	16,50
40000	1,99	16,52
40100	1,99	16,52
40200	2,00	16,53
40300	2,01	16,55
40400	2,00	16,56
40500	2,01	16,58
40600	2,01	16,58
40700	2,02	16,61
40800	2,02	16,61
40900	2,03	16,62
41000	2,03	16,62
41100	2,03	16,64
41200	2,04	16,65
41300	2,04	16,67
41400	2,05	16,68
41500	2,05	16,68
41600	2,06	16,70
41700	2,06	16,71
41800	2,07	16,71
41900	2,07	16,73
42000	2,08	16,74
42100	2,08	16,76
42200	2,09	16,76
42300	2,09	16,77
42400	2,09	16,79
42500	2,10	16,79
42600	2,11	16,80
42700	2,11	16,82
42800	2,12	16,83
42900	2,12	16,85
43000	2,13	16,86
43100	2,13	16,86
43200	2,14	16,88
43300	2,14	16,89
43400	2,15	16,89
43500	2,16	16,91
43600	2,16	16,92
43700	2,17	16,92
43800	2,17	16,94
43900	2,18	16,96
44000	2,19	16,97
44100	2,19	16,97
44200	2,20	17,00
